[0,8,6] [0,9,6] [0,10,6] [0,11,6] [0,12,6] [0,13,6] [0,14,6] [0,15,6] [0,16,6]
[0,8,7] [0,9,7] [0,10,7] [0,11,7] [0,12,7] [0,13,7] [0,14,7] [0,15,7] [0,16,7]
[0,8,8] [0,9,8] [0,10,8] [0,11,8] [0,12,8] [0,13,8] [0,14,8] [0,15,8] [0,16,8]
[0,8,9] [0,9,9] [0,10,9] [0,11,9] [0,12,9] [0,13,9] [0,14,9] [0,15,9] [0,16,9]
[1,8,0] [1,9,0] [1,10,0] [1,11,0] [1,12,0] [1,13,0] [1,14,0] [1,15,0] [1,16,0]
[1,8,1] [1,9,1] [1,10,1] [1,11,1] [1,12,1] [1,13,1] [1,14,1] [1,15,1] [1,16,1]
[1,8,2] [1,9,2] [1,10,2] [1,11,2] [1,12,2] [1,13,2] [1,14,2] [1,15,2] [1,16,2]
[1,8,3] [1,9,3] [1,10,3] [1,11,3] [1,12,3] [1,13,3] [1,14,3] [1,15,3] [1,16,3]
[1,8,4] [1,9,4] [1,10,4] [1,11,4] [1,12,4] [1,13,4] [1,14,4] [1,15,4] [1,16,4]
[1,8,5] [1,9,5] [1,10,5] [1,11,5] [1,12,5] [1,13,5] [1,14,5] [1,15,5] [1,16,5]
[2,0,0] [2,0,1] [2,0,2] [2,0,3] [2,0,4] [2,0,5] [2,0,6] [2,0,7] [2,0,8] [2,0,9]
[2,1,0] [2,1,1] [2,1,2] [2,1,3] [2,1,4] [2,1,5] [2,1,6] [2,1,7] [2,1,8] [2,1,9]
[2,2,0] [2,2,1] [2,2,2] [2,2,3] [2,2,4] [2,2,5] [2,2,6] [2,2,7] [2,2,8] [2,2,9]
[2,3,0] [2,3,1] [2,3,2] [2,3,3] [2,3,4] [2,3,5] [2,3,6] [2,3,7] [2,3,8] [2,3,9]
[2,4,0] [2,4,1] [2,4,2] [2,4,3] [2,4,4] [2,4,5] [2,4,6] [2,4,7] [2,4,8] [2,4,9]
[2,5,0] [2,5,1] [2,5,2] [2,5,3] [2,5,4] [2,5,5] [2,5,6] [2,5,7] [2,5,8] [2,5,9]
[2,6,0] [2,6,1] [2,6,2] [2,6,3] [2,6,4] [2,6,5] [2,6,6] [2,6,7] [2,6,8] [2,6,9]
[2,7,0] [2,7,1] [2,7,2] [2,7,3] [2,7,4] [2,7,5] [2,7,6] [2,7,7] [2,7,8] [2,7,9]
[2,17,0] [2,17,1] [2,17,2] [2,17,3] [2,17,4] [2,17,5] [2,17,6] [2,17,7] [2,17,8] [2,17,9]
[2,18,0] [2,18,1] [2,18,2] [2,18,3] [2,18,4] [2,18,5] [2,18,6] [2,18,7] [2,18,8] [2,18,9]
[2,19,0] [2,19,1] [2,19,2] [2,19,3] [2,19,4] [2,19,5] [2,19,6] [2,19,7] [2,19,8] [2,19,9]
[2,20,0] [2,20,1] [2,20,2] [2,20,3] [2,20,4] [2,20,5] [2,20,6] [2,20,7] [2,20,8] [2,20,9]
[2,21,0] [2,21,1] [2,21,2] [2,21,3] [2,21,4] [2,21,5] [2,21,6] [2,21,7] [2,21,8] [2,21,9]
[2,22,0] [2,22,1] [2,22,2] [2,22,3] [2,22,4] [2,22,5] [2,22,6] [2,22,7] [2,22,8] [2,22,9]
[2,23,0] [2,23,1] [2,23,2] [2,23,3] [2,23,4] [2,23,5] [2,23,6] [2,23,7] [2,23,8] [2,23,9]
[2,24,0] [2,24,1] [2,24,2] [2,24,3] [2,24,4] [2,24,5] [2,24,6] [2,24,7] [2,24,8] [2,24,9]